#1èr déclinaison
rosa :        003  006  010  042  090
ala :         006  028  029  037  057
amica :       001  003  010  011  018  021  030  033  055  069  077  082
ancilla :     002  018  021  023  030  035  045  047  058  074  084  088
aqua :        013  016  017  031  032  046
aquila :      003  006  024  029  032  037  038  050  053  054  060
aura :        008  013  017  020  025
dea :         011  022  024  029  038  041  050  072  088
domina :      005  011  023  024  035  056  059  062  063  064  071  085
fabula :      003  010  021  026  028  062  070  073  082  085  086  087
fera :        005  024  029  032  037  038  050  053  054  060  065
filia :       044  045  047  049  061  064  067  071  074  076  083  084
flamma :      006  012  016  029  037  038  042  043  065  073  079  090
fortuna :     014  019  029  033  037  039  041  048  065  070  073  082
gloria :      014  019  029  048  089
herba :       007  009  062  078  085
hora :        002  008  025  028  039
insula :      003  010  013  015  017  029  034  037  038  034  059  063
laetitia :    014  019  021  022  025  029  040  048  065  070  073  075
lingua :      003  022  033  055  061  066  082
luna :        003  006  016  029  036  042  062  085
memoria :     001  008  025  030  072  077
mensa :       006  012  027  028  029  032  033  037  042  055  089  090
nauta :       023  024  026  050  052  053  054  055  067  071  074  084
pecunia :     029  048  065  073  082
pirata :      024  038  047  050  052  053  054  055  059  063  068  083
poeta :       001  002  030  035  055  058  059  062  067  071  074  076
porta :       006  007  012  016  027  029  032  037  039  042  046  055
puella :      003  005  010  049  051  064  067  071  075  083  084  087
pugna :       021  022  029  033  038  039  043  048  052  054  061  062
regina :      011  018  021  022  050  052  054  059  063  076  077  086
sapientia :   014  029  048  062  073  068
schola :      001  022  029  030  033  035  055  059  062  076  077  080
scriba :      005  018  021  023  045  047  056  071  074  083  084  088
silva :       015  016  029  031  032  034  037  038  046  059  062  068
tuba :        006  010  012  032  033  037  042  055  062  085  089  090
via :         027  028  029  030  033  034  037  046  055  070  079  080
victoria :    014  021  029  033  039  048  060  061  066  070  082  086
villa :       010  029  031  033  037  046  055  062  085  089
vita :        008  021  022  025  026  028  038  061  062  066  067  089

#2e déclinaison
dominus :     005  011  023  024  035  056  059  062  063  064  071  085
ager :        009  015  027  028  029  031  037  046  062  085  089
puer :        036  049  051  061  063  064  067  071  075  081  087
templum :     003  006  007  027  029  032  033  034  037  043  055  059
amicus :      001  011  018  021  030  033  055  069  077  082  083  084
annus :       001  008  009  013  017  026  028  030  033  035  061  066
armatus :     001  030  054  058  059  060  069  073  074  077  086  088
bellum :      020  028  033  038  039  043  046  048  057  059  061  068
caelum :      003  012  016  020  034  062
cibus :       001  009  013  017  030  062  085
commodum :    014  019  029  037  048  062  085
deus :        011  022  024  029  038  041  050  072  088
digitus :     006  029  031  032  037  046  078
donum :       003  029  037  039  048  082  088  089
equus :       003  005  006  029  033  037  044  055  059  068  077  083
faber :       001  030  035  045  056  058  059  062  074  077  081  086
filius :      044  045  047  049  061  064  067  071  074  076  083  084
folium :      009  016  028  029  032  037  042  065  078  090
gener :       011  018  021  023  030  047  050  052  053  054  063  081
gladius :     001  004  006  012  028  032  037  042  043  055  057  088
hortus :      003  009  015  027  029  037  062  085
imperium :    029  033  037  039  050  059  063  081
initium :     001  002  008  019  025  026  030  033  035  052  057  061
lectus :      001  006  013  017  025  027  028  029  030  037  055  078
legatus :     018  021  022  024  033  035  041  045  052  053  056  071
liber :       001  003  029  030  035  037  038  043  052  059  061  066
locus :       003  010  008  009  013  015  017  030  031  034  059  072
ludus :       003  025  026  028  029  033  035  061  062  066  070  077
matrimonium : 001  002  003  026  028  033  067  077  087
medicus :     001  022  023  033  035  053  056  058  059  063  064  086
murus :       006  007  016  027  028  029  032  037  046  055  085  088
musicus :     001  023  029  030  035  058  059  067  071  077  084  086
pallium :     001  007  010  013  020  032  042  046  055  077  078  090
periculum :   014  019  029  033  048  062  070  079
philosophus : 002  022  026  029  035  038  052  059  062  067  073  081
pomum :       001  009  016  029  037  042  046  064  078  090
remedium :    001  008  030  033  035  038  073  077  079  082  086  089
rivus :       013  017  027  028  037  038  040  046  060
saeculum :    033  039  061  062  066  067  072  077
scutum :      001  006  012  027  029  030  032  035  037  042  085  090
servus :      001  002  018  021  023  024  030  047  052  069  077  084
silentium :   008  029  048  070  079  085
socer :       011  018  021  023  030  047  050  052  053  054  063  081
tectum :      006  007  010  027  029  032  037  055  062  065  085
ventus :      008  013  017  020  038  041  048  070  073  079  088
vesper :      001  003  017  020  025  062  067  072  085  087
vir :         003  024  029  047  050  052  054  067  068  072  075  083
virus :       014  033  038  079  085
votum :       001  003  021  029  037  039  040  047  049  070  071  075
vulgus :      011  018  022  024  026  029  038  047  052  065  073

#3e déclinaison
civis :       001  021  030  052  053  059  063  067  071  076  081  083
mare :        012  016  031  038  040  046
consul :      002  022  023  030  035  052  053  056  058  063  067  083
corpus :      003  010  005  013  017  036  044  050  062  072  078  085
pater :       044  045  047  049  061  064  067  071  074  076  083  084
urbs :        003  013  017  025  029  031  037  043  055  059  063  081
animal :      002  005  006  029  032  037  038  050  051  053  060  083
febris :      007  008  048  070  079
vis :         014  029  038  047  073
aestas :      003  009  013  017  025  028  077  085  087
amor :        002  014  019  021  022  028  029  033  049  061  062  073
arbor :       003  007  029  037  043  055  090
avis :        005  006  012  029  032  037  038  042  060  065  068  090
canis :       003  005  006  010  029  032  037  044  051  060  067  083
calor :       008  022  025  029  048  056  070  073  079  082
carmen :      003  020  028  033  035  037  039  052  055  057  059  086
cervix :      006  028  031  032  046  062  078  085
conjux :      001  011  018  021  033  049  058  059  064  067  069  076
dolor :       004  008  029  033  048  062  070  073  082
dux :         001  024  030  054  056  058  059  074  076  077  083  086
fames :       008  014  029  037  065  070
flos :        003  006  010  042  090
flumen :      013  017  027  028  037  038  040  046  060
frater :      044  045  047  049  061  064  067  071  074  076  083  084
hiems :       009  013  017  019  028  048  061
homo :        023  026  045  050  051  059  063  067  075  081  086  087
hostis :      024  033  038  045  047  050  052  053  054  063  083  086
juvenis :     005  021  026  044  045  052  067  071  075  076  084  087
lac :         001  006  013  017  062
legio :       033  039  050  052  054
mater :       044  045  047  049  061  064  067  071  074  076  083  084
mensis :      008  009  013  017  020  025  028  039  041  061  066  073
messis :      001  019  035  077  085
mons :        007  027  029  038  062  065  085
mors :        002  014  022  060  061  067  072  087
mulier :      001  011  018  021  033  049  058  059  064  067  069  076
navis :       001  006  012  016  027  028  029  030  037  055  060  089
nix :         003  006  038  046  048  070  073  078  079  082
nomen :       010  028  033  057  061  066
nox :         001  003  009  013  016  017  020  028  034  041  057  072
orator :      001  021  029  030  035  047  051  052  058  059  073  083
panis :       001  006  009  013  027  028  029  030  032  035  055  077
pars :        001  029  039  062  085
pes :         006  017  029  032  046  065
piscis :      006  010  012  028  029  032  037  042  044  060  062  065
potestas :    014  019  029  033  038  043  048
puppis :      006  010  029  032  033  036  037  055
rex :         011  018  021  022  050  052  054  059  063  076  077  086
securis :     001  003  004  006  012  028  029  030  032  035  055  057
senex :       011  018  021  023  030  047  050  052  053  054  063  081
sitis :       008  014  029  037  065  070
sol :         003  016  036  029  042  070  073
soror :       044  045  047  049  061  064  067  071  074  076  083  084
tempus :      001  003  008  025  026  028  035  037  061  067  072  073
timor :       008  014  029  033  062  065  070  073  082
turris :      006  007  029  037  055  085
virtus :      014  029  038  048  065  073  086
voluptas :    029  033  037  038  057
vox :         003  007  062  064  085
uxor :        001  011  018  021  033  049  058  059  064  067  069  076

#4e déclinaison
manus :       006  013  017  029  031  032  036  037  042  078
cornu :       003  004  006  028  029  032  037  057
domus :       003  006  007  010  020  027  028  029  033  037  055  089
adventus :    001  002  008  019  025  026  030  033  035  052  057  061
arcus :       006  010  012  029  032  037  042  065  077  088 089
cantus :      003  020  028  033  035  037  039  052  055  057  059  086
equitatus :   033  039  050  052  054
eventus :     002  026  029  033  039  048  062  070  072  079  080  082
exercitus :   033  039  050  052  054
exitus :      014  022  048  082  085
habitus :     001  002  019  030  035
lacus :       012  016  017  027  028  029  037  040  065
portus :      010  027  028  029  031  037  040  046  062  085
quercus :     003  007  029  037  088  090
reditus :     001  002  008  019  025  026  030  033  035  052  057  061
saltus :      001  007  010  028  029  035  037  052  057  061  065  073
situs :       001  030  033  035  041  045  047  061  067  070  077  085
sonitus :     004  007  008  028  057
status :      001  002  008  030  035  039  061  067  070  072  077  087
tribus :      011  018  021  026  029  037  038  050  052  059  062  068


#5e déclinaison
res :         005  002  008  014  019  030  033  041  048  073  075  089
acies :       004  006  012  028  032  042  057  065  079  090
dies :        008  009  013  017  020  025  028  039  041  061  066  073
fides :       021  029  041  047  048  073  086
meridies :    008  009  013  017  020  025  028  039  041  061  066  073
pernicies :   029  033  037  065  085
species :     006  032  033  036  062  085
spes :        014  019  029  033  039  048  073  086  088
